P 11.873125314 11.7771773851 0 10 5
P 4.57103798126 14.3431174796 1 100 2
P 19.1752126467 9.21123729055 2 100 2
P 13.9673389596 0.0 0 21 4
P 9.77891166836 23.5543547701 0 20 4
P 3.82370469987 9.25768941483 0 32 1
P 19.9225459281 14.2966653553 0 32 1
P 4.26523224108 18.2172286527 0 8 3
P 19.4810183868 5.33712611748 0 9 3
P 7.6923933175 23.0634213666 0 54 3
P 16.0538573104 0.49093340355 0 54 3
P 0.983608276109 4.03463875596 0 53 5
P 22.7626423518 19.5197160142 0 53 5
P 1.1734828633 5.49680908077 0 31 4
P 22.5727677646 18.0575456894 0 31 4
P 16.0537685199 16.7376290089 0 15 5
P 7.69248210801 6.81672576125 0 5 5
P 9.7032993158 7.00311677157 0 21 5
P 14.0429513121 16.5512379986 0 21 5
P 21.0413740959 6.28173527479 0 9 2
P 2.70487653198 17.2726194954 0 16 2
P 23.7462506279 0.857948297396 0 32 3
P 0.0 22.6964064728 0 16 3
